Liga: 11.4277 %
K.O.: 7.0034 %
K.O.x5: 7.7537003 %
Zeit verstrichen: 12.942738 s
