Liga: 34.6763 %
K.O.: 43.722702 %
K.O.x5: 64.1482 %
Zeit verstrichen: 5.116692 s
