Liga: 31.5096 %
K.O.: 18.2694 %
K.O.x5: 31.031502 %
Zeit verstrichen: 13.191793 s
