Liga: 20.9622 %
K.O.: 31.089602 %
K.O.x5: 37.2073 %
Zeit verstrichen: 4.753782 s
